M = [1 2; 3 4];
M2 = M + 5
